<NumSuperStates> 5
<NumStates> 3 6 6 6 3 
<NumMixtures> 3 3 3 3 3 3 3 3 3 3 3 3 3 3 3 3 3 3 3 3 3 3 3 3 
<VecSize> 9
<BeginExternalHMM>
<NumStates> 5
<TransP>
-0.096432 -2.386747 -10000000000.000000 -10000000000.000000 -10000000000.000000 
-10000000000.000000 -0.060357 -2.837508 -10000000000.000000 -10000000000.000000 
-10000000000.000000 -10000000000.000000 -0.103497 -2.319514 -10000000000.000000 
-10000000000.000000 -10000000000.000000 -10000000000.000000 -0.089874 -2.453944 
-10000000000.000000 -10000000000.000000 -10000000000.000000 -10000000000.000000 0.000000 
<EndExternalHMM>
<BeginEmbeddedHMM>
<NumStates> 3
<State> 0
<NumMixes> 3
<Mixture> 0 <Weight> 0.423114
<Mean>
303.290466 6.029682 -0.645025 9.704073 -1.995404 -0.039977 -0.773684 0.187165 0.139595 
<Inverted_Deviation>
0.034648 0.070711 0.070711 0.058103 0.070711 0.070711 0.070711 0.070711 0.070711 
<LogVarVal> 29.903458
<Mixture> 1 <Weight> 0.387775
<Mean>
218.917267 3.546105 2.437708 7.766217 4.839570 -0.688192 2.986994 -0.833259 -0.281488 
<Inverted_Deviation>
0.032561 0.049870 0.070711 0.047724 0.070711 0.070711 0.070711 0.070711 0.070711 
<LogVarVal> 30.511520
<Mixture> 2 <Weight> 0.189112
<Mean>
359.374176 3.479158 -0.624124 6.853331 -0.244232 0.389382 0.091321 0.140411 0.153326 
<Inverted_Deviation>
0.034998 0.070711 0.070711 0.058040 0.070711 0.070711 0.067275 0.070711 0.070711 
<LogVarVal> 29.944292
<State> 1
<NumMixes> 3
<Mixture> 0 <Weight> 0.221135
<Mean>
308.070404 -30.876802 2.211302 -32.633987 4.620500 0.950042 2.323653 1.449294 -0.089034 
<Inverted_Deviation>
0.015214 0.029862 0.070711 0.023149 0.068295 0.070711 0.059068 0.070711 0.070711 
<LogVarVal> 32.723415
<Mixture> 1 <Weight> 0.364971
<Mean>
479.172516 -17.000183 -1.441975 1.640166 -3.473934 -0.154414 -3.096884 0.124965 0.007706 
<Inverted_Deviation>
0.014572 0.032427 0.070711 0.018890 0.070711 0.070711 0.070228 0.070711 0.070711 
<LogVarVal> 32.679600
<Mixture> 2 <Weight> 0.413894
<Mean>
666.982300 -17.797771 0.681013 5.914200 -1.984523 0.123344 -2.625156 -0.098957 0.000183 
<Inverted_Deviation>
0.009997 0.042698 0.070711 0.025243 0.066739 0.070711 0.053758 0.070711 0.070711 
<LogVarVal> 32.816383
<State> 2
<NumMixes> 3
<Mixture> 0 <Weight> 0.242175
<Mean>
1060.002441 -42.453499 -12.396702 22.620701 24.419619 -6.363071 -31.126591 10.807746 2.165597 
<Inverted_Deviation>
0.004955 0.008043 0.025084 0.005160 0.009981 0.028223 0.011111 0.020264 0.038508 
<LogVarVal> 44.064384
<Mixture> 1 <Weight> 0.214168
<Mean>
769.750183 33.221558 -1.363006 -168.172546 12.718737 11.859559 -1.421301 -17.965778 -1.917148 
<Inverted_Deviation>
0.005774 0.007045 0.027747 0.005615 0.010747 0.027715 0.014189 0.019438 0.041551 
<LogVarVal> 43.523655
<Mixture> 2 <Weight> 0.543657
<Mean>
401.289185 2.980284 2.936474 -43.942253 -8.051219 -1.975925 8.507916 1.968141 0.061542 
<Inverted_Deviation>
0.011048 0.024871 0.070711 0.012961 0.026288 0.070711 0.028661 0.057319 0.070711 
<LogVarVal> 35.694084
<TransP>
-0.052954 -2.964700 -10000000000.000000 
-10000000000.000000 -0.054285 -2.940533 
-10000000000.000000 -10000000000.000000 0.000000 
<EndEmbeddedHMM>
<BeginEmbeddedHMM>
<NumStates> 6
<State> 0
<NumMixes> 3
<Mixture> 0 <Weight> 0.181199
<Mean>
271.560730 -4.263181 0.080947 -9.292751 1.795863 -0.083979 3.365547 0.198315 -0.086342 
<Inverted_Deviation>
0.036588 0.043207 0.070711 0.027261 0.070711 0.070711 0.060074 0.070711 0.070711 
<LogVarVal> 31.261351
<Mixture> 1 <Weight> 0.017711
<Mean>
401.685913 -21.907219 1.126453 -23.120401 0.114115 -1.549125 -52.605007 2.165332 3.782811 
<Inverted_Deviation>
0.018738 0.032776 0.069572 0.036707 0.025322 0.046118 0.034981 0.038080 0.070711 
<LogVarVal> 34.539520
<Mixture> 2 <Weight> 0.801090
<Mean>
211.606125 -0.998099 1.388023 -0.828133 1.396742 -0.170235 1.325869 -0.104000 -0.005656 
<Inverted_Deviation>
0.043933 0.070711 0.070711 0.070711 0.070711 0.070711 0.070711 0.070711 0.070711 
<LogVarVal> 29.469658
<State> 1
<NumMixes> 3
<Mixture> 0 <Weight> 0.260274
<Mean>
487.336151 -46.196465 -10.786697 -28.238068 -6.207657 1.837576 -5.977134 0.498248 1.452135 
<Inverted_Deviation>
0.017910 0.016532 0.035892 0.023921 0.034101 0.065394 0.055566 0.066447 0.070711 
<LogVarVal> 34.692822
<Mixture> 1 <Weight> 0.280822
<Mean>
270.737030 -38.354759 11.051294 -19.836128 6.215559 -1.417350 3.003427 0.772419 -0.618409 
<Inverted_Deviation>
0.025654 0.027951 0.060575 0.043796 0.064877 0.070711 0.070711 0.070711 0.070711 
<LogVarVal> 31.655624
<Mixture> 2 <Weight> 0.458904
<Mean>
367.065125 -40.950405 1.153535 -28.251768 0.639063 2.550352 1.718818 0.707841 -0.375123 
<Inverted_Deviation>
0.022007 0.017046 0.041770 0.020128 0.045016 0.070711 0.064632 0.070711 0.070711 
<LogVarVal> 33.907997
<State> 2
<NumMixes> 3
<Mixture> 0 <Weight> 0.516039
<Mean>
450.209503 -2.152629 -1.285175 -8.071458 -1.352778 -0.419696 -1.260304 -0.190144 0.171933 
<Inverted_Deviation>
0.023840 0.038074 0.070711 0.055178 0.070711 0.070711 0.070711 0.070711 0.070711 
<LogVarVal> 30.948015
<Mixture> 1 <Weight> 0.288703
<Mean>
350.661743 0.662198 1.555567 -9.887710 0.357249 -0.055253 1.790598 -1.069979 0.064227 
<Inverted_Deviation>
0.025140 0.038810 0.070711 0.036691 0.065506 0.070711 0.055861 0.070711 0.070711 
<LogVarVal> 31.596041
<Mixture> 2 <Weight> 0.195258
<Mean>
575.628479 -8.776105 -4.723290 -9.354916 -2.257114 -1.145197 1.072732 -0.663995 -0.304649 
<Inverted_Deviation>
0.025125 0.038896 0.070711 0.070711 0.070711 0.070711 0.070711 0.070711 0.070711 
<LogVarVal> 30.626143
<State> 3
<NumMixes> 3
<Mixture> 0 <Weight> 0.455026
<Mean>
519.333252 -2.661254 0.008847 -10.041384 0.459560 0.057107 -0.265158 -0.205452 0.158373 
<Inverted_Deviation>
0.023299 0.030860 0.070711 0.030211 0.068245 0.070711 0.055503 0.070711 0.070711 
<LogVarVal> 32.061104
<Mixture> 1 <Weight> 0.154195
<Mean>
399.261963 -3.747368 4.392343 7.128201 -0.707501 0.546128 12.393164 0.025880 -0.933981 
<Inverted_Deviation>
0.019173 0.026039 0.070711 0.019243 0.042122 0.070711 0.032644 0.070711 0.070711 
<LogVarVal> 33.890224
<Mixture> 2 <Weight> 0.390779
<Mean>
632.683044 -5.379527 -1.046373 -10.020626 -1.350532 -0.027609 -1.678293 0.043246 -0.001098 
<Inverted_Deviation>
0.021872 0.034344 0.070711 0.040163 0.070711 0.070711 0.070711 0.070711 0.070711 
<LogVarVal> 31.454922
<State> 4
<NumMixes> 3
<Mixture> 0 <Weight> 0.189769
<Mean>
877.960327 -48.302174 -11.898005 7.079819 24.721144 -5.773047 -11.876864 1.877116 1.830360 
<Inverted_Deviation>
0.012636 0.010141 0.021733 0.012105 0.022788 0.033863 0.041227 0.047864 0.070711 
<LogVarVal> 38.400944
<Mixture> 1 <Weight> 0.448845
<Mean>
717.793213 -14.425241 3.496165 6.310660 -1.410188 1.064487 0.131554 0.226968 -0.179332 
<Inverted_Deviation>
0.012935 0.012034 0.036017 0.013158 0.033069 0.055381 0.052466 0.070711 0.070711 
<LogVarVal> 36.122169
<Mixture> 2 <Weight> 0.361386
<Mean>
534.690674 -11.646680 6.630366 22.303249 -7.487206 -0.773498 8.741943 -0.778348 -0.369819 
<Inverted_Deviation>
0.011279 0.019201 0.053124 0.015080 0.039349 0.070711 0.045851 0.070711 0.070711 
<LogVarVal> 34.983593
<State> 5
<NumMixes> 3
<Mixture> 0 <Weight> 0.259162
<Mean>
1486.723022 -259.957794 34.737469 -142.143112 34.151726 4.168042 -2.148198 6.985113 -0.127619 
<Inverted_Deviation>
0.002494 0.003039 0.007545 0.003928 0.007295 0.013249 0.007769 0.011713 0.021923 
<LogVarVal> 49.737217
<Mixture> 1 <Weight> 0.361257
<Mean>
2750.302979 -57.956394 -38.008751 -67.410431 -20.237751 0.876480 -10.037056 -0.421771 0.660303 
<Inverted_Deviation>
0.002801 0.003032 0.006169 0.007656 0.015969 0.024490 0.036561 0.037652 0.045921 
<LogVarVal> 44.303497
<Mixture> 2 <Weight> 0.379581
<Mean>
851.398682 -63.842476 10.673101 -21.332617 7.185229 -1.072055 10.599398 -3.771514 -1.405171 
<Inverted_Deviation>
0.003971 0.009008 0.013089 0.006882 0.012033 0.020975 0.017996 0.021930 0.035854 
<LogVarVal> 44.154858
<TransP>
-0.123076 -2.155858 -10000000000.000000 -10000000000.000000 -10000000000.000000 -10000000000.000000 
-10000000000.000000 -0.215751 -1.639568 -10000000000.000000 -10000000000.000000 -10000000000.000000 
-10000000000.000000 -10000000000.000000 -0.126186 -2.132425 -10000000000.000000 -10000000000.000000 
-10000000000.000000 -10000000000.000000 -10000000000.000000 -0.066405 -2.745006 -10000000000.000000 
-10000000000.000000 -10000000000.000000 -10000000000.000000 -10000000000.000000 -0.151130 -1.964229 
-10000000000.000000 -10000000000.000000 -10000000000.000000 -10000000000.000000 -10000000000.000000 0.000000 
<EndEmbeddedHMM>
<BeginEmbeddedHMM>
<NumStates> 6
<State> 0
<NumMixes> 3
<Mixture> 0 <Weight> 0.279279
<Mean>
1154.841431 -37.659996 -14.539951 -274.844025 39.794361 22.313988 51.662743 26.184900 -5.372565 
<Inverted_Deviation>
0.003188 0.004003 0.009499 0.003058 0.005102 0.012078 0.005614 0.008238 0.016929 
<LogVarVal> 50.621723
<Mixture> 1 <Weight> 0.382883
<Mean>
389.639252 -45.979256 0.646911 -76.825928 25.743343 0.521891 32.631821 -6.763447 -3.057237 
<Inverted_Deviation>
0.005997 0.015200 0.044785 0.007188 0.015557 0.047817 0.016374 0.032746 0.067578 
<LogVarVal> 39.924599
<Mixture> 2 <Weight> 0.337838
<Mean>
1718.337891 -67.026459 -9.309469 -174.411896 -12.268807 -6.533098 -38.664093 -0.395651 6.220562 
<Inverted_Deviation>
0.003607 0.006239 0.012552 0.002552 0.004107 0.011399 0.004133 0.004981 0.011000 
<LogVarVal> 51.472000
<State> 1
<NumMixes> 3
<Mixture> 0 <Weight> 0.170732
<Mean>
2268.025391 173.848557 -91.179787 -166.333939 -44.114899 7.163451 -30.397884 -11.959914 4.394350 
<Inverted_Deviation>
0.001794 0.001747 0.003944 0.005294 0.010774 0.011888 0.016840 0.025769 0.030587 
<LogVarVal> 48.793713
<Mixture> 1 <Weight> 0.714286
<Mean>
521.193665 -17.221085 5.390911 -12.192245 -5.547539 -2.717823 1.788206 2.622259 1.179886 
<Inverted_Deviation>
0.007943 0.013215 0.025184 0.017616 0.024856 0.040560 0.042665 0.051126 0.070711 
<LogVarVal> 37.710220
<Mixture> 2 <Weight> 0.114983
<Mean>
929.532837 366.050873 123.145821 -155.050781 -117.443596 -14.031694 -8.503555 -15.988058 -7.772024 
<Inverted_Deviation>
0.003486 0.003665 0.004451 0.005345 0.007015 0.010106 0.014679 0.017352 0.023798 
<LogVarVal> 48.633411
<State> 2
<NumMixes> 3
<Mixture> 0 <Weight> 0.305305
<Mean>
657.379395 -1.525550 -0.241918 -5.649904 0.087807 0.101753 -1.024089 -0.244143 -0.000193 
<Inverted_Deviation>
0.038677 0.054330 0.070711 0.059628 0.070711 0.070711 0.070711 0.070711 0.070711 
<LogVarVal> 30.031057
<Mixture> 1 <Weight> 0.323323
<Mean>
498.073517 -0.711330 -0.406556 -0.266400 -0.167018 0.009869 -0.989605 0.215797 0.049947 
<Inverted_Deviation>
0.030897 0.070711 0.070711 0.070665 0.070711 0.070711 0.070711 0.070711 0.070711 
<LogVarVal> 29.822313
<Mixture> 2 <Weight> 0.371371
<Mean>
714.341553 0.122457 -0.940034 -2.535551 -0.105887 -0.163996 -1.442589 0.068751 -0.011914 
<Inverted_Deviation>
0.036191 0.065333 0.070711 0.068734 0.070711 0.070711 0.070711 0.070711 0.070711 
<LogVarVal> 29.770973
<State> 3
<NumMixes> 3
<Mixture> 0 <Weight> 0.414365
<Mean>
606.444946 4.698115 1.592597 8.173343 -3.497009 -0.224229 -1.863104 -1.571228 -0.142446 
<Inverted_Deviation>
0.021159 0.032852 0.070711 0.014813 0.054638 0.070711 0.042374 0.070711 0.070711 
<LogVarVal> 33.299812
<Mixture> 1 <Weight> 0.508287
<Mean>
477.295258 -3.367980 2.523829 1.572032 1.483615 0.181840 11.172468 -1.042248 -0.136485 
<Inverted_Deviation>
0.016684 0.036774 0.070711 0.018226 0.065147 0.070711 0.035091 0.070711 0.070711 
<LogVarVal> 33.229984
<Mixture> 2 <Weight> 0.077348
<Mean>
723.717163 -23.931707 0.956686 -11.963916 2.100063 0.773155 -8.583958 2.042957 -0.485132 
<Inverted_Deviation>
0.019771 0.063021 0.070711 0.022956 0.070711 0.070711 0.070711 0.070711 0.070711 
<LogVarVal> 31.508247
<State> 4
<NumMixes> 3
<Mixture> 0 <Weight> 0.110465
<Mean>
1286.376953 -324.325226 98.050865 -76.981346 46.497093 -12.520566 4.885184 -1.668566 -1.304654 
<Inverted_Deviation>
0.002917 0.004133 0.011559 0.013661 0.020041 0.040403 0.061355 0.062074 0.070711 
<LogVarVal> 40.569149
<Mixture> 1 <Weight> 0.139535
<Mean>
2542.064453 -392.449829 -90.847679 -81.704330 -42.075348 13.060625 -2.140073 3.173364 1.485452 
<Inverted_Deviation>
0.001971 0.002736 0.006154 0.013031 0.015389 0.014081 0.070711 0.063723 0.060523 
<LogVarVal> 43.356815
<Mixture> 2 <Weight> 0.750000
<Mean>
725.628540 -40.239845 3.972879 -2.995198 -1.601291 -0.103185 0.241207 0.947507 -0.325795 
<Inverted_Deviation>
0.006802 0.014635 0.029558 0.013255 0.026144 0.049122 0.035805 0.061510 0.070711 
<LogVarVal> 37.635944
<State> 5
<NumMixes> 3
<Mixture> 0 <Weight> 0.000000
<Mean>
0.000000 0.000000 0.000000 0.000000 0.000000 0.000000 0.000000 0.000000 0.000000 
<Inverted_Deviation>
0.070711 0.070711 0.070711 0.070711 0.070711 0.070711 0.070711 0.070711 0.070711 
<LogVarVal> 28.993717
<Mixture> 1 <Weight> 0.402778
<Mean>
2887.758545 3.575629 0.987326 -3.086153 -1.667012 -1.007722 -0.718744 -0.254869 -0.211631 
<Inverted_Deviation>
0.006948 0.005910 0.008533 0.070711 0.070711 0.070711 0.070711 0.070711 0.070711 
<LogVarVal> 35.910530
<Mixture> 2 <Weight> 0.597222
<Mean>
913.396179 -23.854475 -0.524666 -11.858505 7.876214 -0.578398 -4.021964 -0.339721 0.674851 
<Inverted_Deviation>
0.007434 0.014171 0.030009 0.019085 0.027579 0.044933 0.055731 0.065352 0.070711 
<LogVarVal> 36.732277
<TransP>
-0.266879 -1.451434 -10000000000.000000 -10000000000.000000 -10000000000.000000 -10000000000.000000 
-10000000000.000000 -0.199897 -1.708238 -10000000000.000000 -10000000000.000000 -10000000000.000000 
-10000000000.000000 -10000000000.000000 -0.053456 -2.955511 -10000000000.000000 -10000000000.000000 
-10000000000.000000 -10000000000.000000 -10000000000.000000 -0.155072 -1.940400 -10000000000.000000 
-10000000000.000000 -10000000000.000000 -10000000000.000000 -10000000000.000000 -0.163888 -1.889398 
-10000000000.000000 -10000000000.000000 -10000000000.000000 -10000000000.000000 -10000000000.000000 0.000000 
<EndEmbeddedHMM>
<BeginEmbeddedHMM>
<NumStates> 6
<State> 0
<NumMixes> 3
<Mixture> 0 <Weight> 0.225166
<Mean>
861.808838 79.363708 12.798099 58.255142 63.107105 22.769478 64.669479 31.474833 2.084153 
<Inverted_Deviation>
0.002568 0.004668 0.011697 0.002916 0.005339 0.014945 0.006251 0.008770 0.016881 
<LogVarVal> 50.098186
<Mixture> 1 <Weight> 0.201987
<Mean>
1662.303467 188.682617 -29.571144 559.261658 27.993534 -42.937401 25.414526 -55.097385 -9.394742 
<Inverted_Deviation>
0.002268 0.003255 0.008579 0.002360 0.004851 0.011043 0.003896 0.006486 0.010323 
<LogVarVal> 52.769051
<Mixture> 2 <Weight> 0.572848
<Mean>
2744.520508 -19.694897 -8.485404 3.356648 -27.789063 2.292598 -41.666599 4.519686 0.141886 
<Inverted_Deviation>
0.003713 0.007801 0.016776 0.004249 0.011059 0.026034 0.008724 0.023845 0.037700 
<LogVarVal> 45.058346
<State> 1
<NumMixes> 3
<Mixture> 0 <Weight> 0.176796
<Mean>
1383.981812 648.881470 131.049393 6.241218 51.277039 21.734404 -30.376883 -33.245556 -10.897841 
<Inverted_Deviation>
0.002168 0.003417 0.005758 0.003320 0.005851 0.007332 0.010888 0.017695 0.014288 
<LogVarVal> 50.688435
<Mixture> 1 <Weight> 0.690608
<Mean>
649.622681 52.050632 25.814201 12.274297 0.124161 1.551279 8.378725 5.275866 2.283529 
<Inverted_Deviation>
0.004712 0.007094 0.012189 0.010874 0.013426 0.024857 0.028731 0.032586 0.044718 
<LogVarVal> 42.472252
<Mixture> 2 <Weight> 0.132597
<Mean>
2476.225830 474.523285 -232.246582 39.228004 -17.639877 -18.366409 -48.608105 16.826405 15.347990 
<Inverted_Deviation>
0.002878 0.003335 0.008883 0.003766 0.005018 0.008661 0.013081 0.012544 0.017310 
<LogVarVal> 49.825630
<State> 2
<NumMixes> 3
<Mixture> 0 <Weight> 0.323088
<Mean>
434.335175 -2.497946 1.396491 12.661961 -1.539928 -0.098699 1.758345 0.022575 -0.133167 
<Inverted_Deviation>
0.018909 0.045542 0.070711 0.045519 0.070711 0.070711 0.070711 0.070711 0.070711 
<LogVarVal> 31.193106
<Mixture> 1 <Weight> 0.375562
<Mean>
541.774902 1.516321 0.833741 11.290863 0.264397 0.029727 -0.606117 0.047885 0.121188 
<Inverted_Deviation>
0.023041 0.036481 0.070711 0.048546 0.070711 0.070711 0.070711 0.070711 0.070711 
<LogVarVal> 31.152929
<Mixture> 2 <Weight> 0.301349
<Mean>
656.926941 3.596432 -1.770487 16.336615 0.730844 -0.161743 -0.572961 -0.195910 0.149264 
<Inverted_Deviation>
0.017118 0.035695 0.070711 0.053069 0.070711 0.070711 0.070711 0.070711 0.070711 
<LogVarVal> 31.382771
<State> 3
<NumMixes> 3
<Mixture> 0 <Weight> 0.478049
<Mean>
634.937500 -13.972804 0.284563 -7.349933 0.622625 0.643753 -4.140480 0.083442 0.369675 
<Inverted_Deviation>
0.023432 0.035187 0.070711 0.025117 0.067019 0.070711 0.048723 0.070711 0.070711 
<LogVarVal> 32.257256
<Mixture> 1 <Weight> 0.000000
<Mean>
0.000000 0.000000 0.000000 0.000000 0.000000 0.000000 0.000000 0.000000 0.000000 
<Inverted_Deviation>
0.070711 0.070711 0.070711 0.070711 0.070711 0.070711 0.070711 0.070711 0.070711 
<LogVarVal> 28.993717
<Mixture> 2 <Weight> 0.521951
<Mean>
532.624939 -6.631203 1.568874 -3.396898 2.139794 0.363724 0.270088 0.117645 -0.291666 
<Inverted_Deviation>
0.019013 0.036798 0.070711 0.019855 0.062836 0.070711 0.037742 0.070711 0.070711 
<LogVarVal> 32.976341
<State> 4
<NumMixes> 3
<Mixture> 0 <Weight> 0.106977
<Mean>
1764.213867 -458.096893 61.168911 -194.012192 38.011387 34.713905 24.512146 11.500290 -11.175705 
<Inverted_Deviation>
0.002198 0.004511 0.007409 0.005931 0.007959 0.011575 0.012174 0.015790 0.030596 
<LogVarVal> 48.041588
<Mixture> 1 <Weight> 0.288372
<Mean>
2813.113281 -64.051353 -43.341469 -24.599064 -30.026880 -7.366952 -5.764652 0.126093 3.378882 
<Inverted_Deviation>
0.003590 0.004503 0.009557 0.004908 0.009515 0.021527 0.008739 0.015356 0.032639 
<LogVarVal> 46.983185
<Mixture> 2 <Weight> 0.604651
<Mean>
826.524841 -61.639069 9.194859 -20.941380 7.455195 -1.749686 1.470962 -2.123401 0.458164 
<Inverted_Deviation>
0.004711 0.011376 0.025714 0.020787 0.023740 0.043542 0.058535 0.057695 0.070711 
<LogVarVal> 37.734024
<State> 5
<NumMixes> 3
<Mixture> 0 <Weight> 0.224390
<Mean>
1591.989136 -255.346085 14.545668 -107.319687 34.660801 -2.221630 14.088612 -3.433148 -1.700152 
<Inverted_Deviation>
0.002742 0.006219 0.017468 0.011439 0.015982 0.021247 0.031092 0.034138 0.035656 
<LogVarVal> 42.818321
<Mixture> 1 <Weight> 0.458537
<Mean>
2701.076172 9.067284 -0.859412 -3.392279 -0.735607 2.310819 9.822719 1.179923 0.448000 
<Inverted_Deviation>
0.003550 0.004015 0.009644 0.004578 0.010455 0.020179 0.007755 0.012608 0.032982 
<LogVarVal> 47.446022
<Mixture> 2 <Weight> 0.317073
<Mean>
968.779358 -110.353416 13.805266 -8.591122 14.711805 -6.406469 6.616967 1.578028 -0.393567 
<Inverted_Deviation>
0.003156 0.010018 0.029495 0.013481 0.023996 0.050059 0.048158 0.063820 0.070711 
<LogVarVal> 38.501640
<TransP>
-0.213259 -1.649984 -10000000000.000000 -10000000000.000000 -10000000000.000000 -10000000000.000000 
-10000000000.000000 -0.386313 -1.138054 -10000000000.000000 -10000000000.000000 -10000000000.000000 
-10000000000.000000 -10000000000.000000 -0.044452 -3.135494 -10000000000.000000 -10000000000.000000 
-10000000000.000000 -10000000000.000000 -10000000000.000000 -0.152526 -1.955714 -10000000000.000000 
-10000000000.000000 -10000000000.000000 -10000000000.000000 -10000000000.000000 -0.144891 -2.003342 
-10000000000.000000 -10000000000.000000 -10000000000.000000 -10000000000.000000 -10000000000.000000 0.000000 
<EndEmbeddedHMM>
<BeginEmbeddedHMM>
<NumStates> 3
<State> 0
<NumMixes> 3
<Mixture> 0 <Weight> 0.211752
<Mean>
638.841187 -12.844175 -2.825672 -1.282365 2.333941 -0.227153 0.022327 -0.001294 0.164560 
<Inverted_Deviation>
0.015335 0.022868 0.067377 0.035460 0.070711 0.070711 0.070711 0.070711 0.070711 
<LogVarVal> 32.389515
<Mixture> 1 <Weight> 0.380625
<Mean>
501.405396 -2.544886 -0.116440 0.164075 2.683503 0.062977 0.314248 -0.324087 0.082992 
<Inverted_Deviation>
0.021853 0.021530 0.053012 0.035761 0.070711 0.070711 0.070711 0.070711 0.070711 
<LogVarVal> 32.326935
<Mixture> 2 <Weight> 0.407623
<Mean>
388.256927 -1.462007 2.605809 -1.512288 -0.786830 -0.408032 1.894191 -0.134920 -0.021283 
<Inverted_Deviation>
0.019797 0.038909 0.070711 0.042023 0.070711 0.070711 0.070711 0.070711 0.070711 
<LogVarVal> 31.384523
<State> 1
<NumMixes> 3
<Mixture> 0 <Weight> 0.401496
<Mean>
774.632996 -109.805138 44.679913 -116.422874 66.523178 -29.069704 34.038391 -27.139977 9.351450 
<Inverted_Deviation>
0.003585 0.004829 0.011780 0.006718 0.007699 0.016887 0.013119 0.015745 0.029429 
<LogVarVal> 46.518063
<Mixture> 1 <Weight> 0.241895
<Mean>
1562.455933 -493.377655 39.090538 -479.077423 142.114410 77.113548 48.631363 77.809196 -55.154297 
<Inverted_Deviation>
0.002438 0.005045 0.008509 0.004458 0.005590 0.007437 0.008821 0.007198 0.011924 
<LogVarVal> 50.818966
<Mixture> 2 <Weight> 0.356608
<Mean>
2613.075439 -235.668869 -79.780960 -275.861481 -175.343048 -13.378021 -84.371529 -15.110570 28.717308 
<Inverted_Deviation>
0.002603 0.003199 0.009192 0.003904 0.007188 0.008773 0.011653 0.008585 0.011368 
<LogVarVal> 50.440948
<State> 2
<NumMixes> 3
<Mixture> 0 <Weight> 0.000000
<Mean>
0.000000 0.000000 0.000000 0.000000 0.000000 0.000000 0.000000 0.000000 0.000000 
<Inverted_Deviation>
0.070711 0.070711 0.070711 0.070711 0.070711 0.070711 0.070711 0.070711 0.070711 
<LogVarVal> 28.993717
<Mixture> 1 <Weight> 0.057453
<Mean>
752.941467 -2.271417 -0.000396 3.879273 -5.096717 -1.167998 -1.386249 -1.615226 -0.081038 
<Inverted_Deviation>
0.014278 0.027070 0.070711 0.021294 0.050100 0.070711 0.047045 0.070711 0.070711 
<LogVarVal> 33.506016
<Mixture> 2 <Weight> 0.942547
<Mean>
2960.318604 4.007749 0.189180 -2.265383 -1.730268 -0.832579 -1.143535 -0.915995 -0.572863 
<Inverted_Deviation>
0.010038 0.011518 0.018286 0.070711 0.070711 0.070711 0.070711 0.070711 0.070711 
<LogVarVal> 34.113110
<TransP>
-0.032278 -3.449458 -10000000000.000000 
-10000000000.000000 -0.162079 -1.899617 
-10000000000.000000 -10000000000.000000 0.000000 
<EndEmbeddedHMM>
