<NumSuperStates> 5
<NumStates> 3 6 6 6 3 
<NumMixtures> 3 3 3 3 3 3 3 3 3 3 3 3 3 3 3 3 3 3 3 3 3 3 3 3 
<VecSize> 9
<BeginExternalHMM>
<NumStates> 5
<TransP>
-0.154151 -1.945910 -10000000000.000000 -10000000000.000000 -10000000000.000000 
-10000000000.000000 -0.154151 -1.945910 -10000000000.000000 -10000000000.000000 
-10000000000.000000 -10000000000.000000 -0.154151 -1.945910 -10000000000.000000 
-10000000000.000000 -10000000000.000000 -10000000000.000000 -0.154151 -1.945910 
-10000000000.000000 -10000000000.000000 -10000000000.000000 -10000000000.000000 0.000000 
<EndExternalHMM>
<BeginEmbeddedHMM>
<NumStates> 3
<State> 0
<NumMixes> 3
<Mixture> 0 <Weight> 0.330097
<Mean>
70.813736 -15.017040 9.046680 -7.664518 4.189833 -2.221437 2.137767 0.261446 -0.122502 
<Inverted_Deviation>
0.026708 0.024268 0.046001 0.062290 0.070711 0.070711 0.070711 0.070711 0.070711 
<LogVarVal> 31.593550
<Mixture> 1 <Weight> 0.155340
<Mean>
291.171844 -100.517975 -11.852884 -31.086302 -3.176532 5.187730 0.930595 1.294719 1.334552 
<Inverted_Deviation>
0.009841 0.020165 0.028101 0.067891 0.058592 0.058644 0.064821 0.070711 0.070711 
<LogVarVal> 33.645958
<Mixture> 2 <Weight> 0.514563
<Mean>
531.257813 -25.563440 -0.605823 -13.631867 -0.792253 -0.282787 0.468568 -0.438145 -0.289608 
<Inverted_Deviation>
0.012028 0.050300 0.070711 0.035315 0.070711 0.070711 0.051556 0.070711 0.070711 
<LogVarVal> 32.115894
<State> 1
<NumMixes> 3
<Mixture> 0 <Weight> 0.356322
<Mean>
710.720459 -27.288786 0.090150 -20.367321 -0.252183 0.997958 4.383808 -0.503464 0.029448 
<Inverted_Deviation>
0.015723 0.033602 0.070711 0.027017 0.043693 0.070711 0.049612 0.068748 0.070711 
<LogVarVal> 33.067242
<Mixture> 1 <Weight> 0.402299
<Mean>
911.426086 -48.321362 -0.562308 -33.470394 5.352268 -1.147338 2.366092 0.180866 -0.239513 
<Inverted_Deviation>
0.010754 0.014215 0.016051 0.028560 0.039863 0.042136 0.050334 0.058439 0.064306 
<LogVarVal> 36.587105
<Mixture> 2 <Weight> 0.241379
<Mean>
1153.603271 -22.832918 -1.808270 -55.824986 -2.277288 1.115099 4.471140 -0.021646 0.396283 
<Inverted_Deviation>
0.008441 0.026248 0.027434 0.057108 0.070711 0.070711 0.068907 0.070711 0.070711 
<LogVarVal> 33.296516
<State> 2
<NumMixes> 3
<Mixture> 0 <Weight> 0.538462
<Mean>
1132.916626 3.001113 -2.317078 -13.244712 -5.509141 0.557504 -1.423467 1.172093 -0.449778 
<Inverted_Deviation>
0.018426 0.042712 0.070711 0.041134 0.070711 0.070711 0.070711 0.070711 0.070711 
<LogVarVal> 31.384420
<Mixture> 1 <Weight> 0.201923
<Mean>
1003.988098 53.750824 -2.765375 47.962303 -16.346766 -0.475327 -19.084377 5.015320 1.703612 
<Inverted_Deviation>
0.012623 0.045004 0.070711 0.016010 0.026014 0.070711 0.031076 0.047446 0.070711 
<LogVarVal> 34.875095
<Mixture> 2 <Weight> 0.259615
<Mean>
802.268616 24.283730 8.327218 55.924698 19.836027 -2.847620 -0.067895 -6.986394 -0.491803 
<Inverted_Deviation>
0.012804 0.015938 0.070711 0.008251 0.027523 0.070711 0.033644 0.050851 0.070711 
<LogVarVal> 36.356766
<TransP>
-0.070381 -2.688819 -10000000000.000000 
-10000000000.000000 -0.083881 -2.519998 
-10000000000.000000 -10000000000.000000 -0.000000 
<EndEmbeddedHMM>
<BeginEmbeddedHMM>
<NumStates> 6
<State> 0
<NumMixes> 3
<Mixture> 0 <Weight> 0.333333
<Mean>
222.436264 -13.260444 12.173447 -38.196987 2.052841 0.741163 0.009100 -1.449072 -3.095418 
<Inverted_Deviation>
0.014338 0.022183 0.055375 0.024966 0.039180 0.048051 0.041415 0.058916 0.059721 
<LogVarVal> 34.897301
<Mixture> 1 <Weight> 0.392157
<Mean>
416.591644 -18.876806 -2.321774 -12.450964 -3.198302 0.822614 1.277788 0.386692 -0.844695 
<Inverted_Deviation>
0.028444 0.048711 0.070711 0.042216 0.050320 0.070711 0.045892 0.070711 0.070711 
<LogVarVal> 31.565372
<Mixture> 2 <Weight> 0.274510
<Mean>
327.702332 -36.931877 -3.267025 -29.814264 -15.055615 1.039213 -0.789572 -0.165493 3.798366 
<Inverted_Deviation>
0.032085 0.030336 0.054896 0.035101 0.034353 0.039885 0.038442 0.048233 0.070711 
<LogVarVal> 33.870205
<State> 1
<NumMixes> 3
<Mixture> 0 <Weight> 0.307692
<Mean>
601.625000 -46.776539 1.718657 -2.383599 3.359527 0.201625 -3.565284 0.503453 0.726636 
<Inverted_Deviation>
0.019796 0.070711 0.070711 0.031231 0.070711 0.070711 0.070711 0.070711 0.070711 
<LogVarVal> 31.084023
<Mixture> 1 <Weight> 0.346154
<Mean>
761.412048 -64.844353 2.346718 -17.220461 6.475433 -0.308950 -4.123153 0.055323 -0.214735 
<Inverted_Deviation>
0.012762 0.053943 0.070711 0.029555 0.070711 0.070711 0.070711 0.070711 0.070711 
<LogVarVal> 31.848825
<Mixture> 2 <Weight> 0.346154
<Mean>
479.921326 -34.960022 4.148363 15.784587 0.568321 -2.169894 -5.512959 1.103986 0.044148 
<Inverted_Deviation>
0.020295 0.053234 0.070711 0.026612 0.043780 0.070711 0.062161 0.064765 0.070711 
<LogVarVal> 32.199200
<State> 2
<NumMixes> 3
<Mixture> 0 <Weight> 0.489796
<Mean>
997.052063 -73.285133 5.712659 -52.960918 11.307437 -1.415073 -2.401070 -1.473493 0.267477 
<Inverted_Deviation>
0.008839 0.014456 0.018126 0.021005 0.070711 0.070711 0.070711 0.070711 0.070711 
<LogVarVal> 35.235687
<Mixture> 1 <Weight> 0.122449
<Mean>
1958.875000 -359.395172 28.369490 -263.259766 88.909767 7.679568 4.284980 7.569332 -21.948687 
<Inverted_Deviation>
0.003842 0.015613 0.036549 0.011614 0.019411 0.019527 0.033771 0.029594 0.043525 
<LogVarVal> 40.557785
<Mixture> 2 <Weight> 0.387755
<Mean>
1328.859741 -137.552994 10.606005 -116.734299 33.288666 -5.649773 9.407907 -5.353186 3.628623 
<Inverted_Deviation>
0.005711 0.009183 0.014181 0.013380 0.028428 0.034815 0.048814 0.070711 0.070711 
<LogVarVal> 38.813148
<State> 3
<NumMixes> 3
<Mixture> 0 <Weight> 0.219512
<Mean>
2338.805420 -185.927734 -53.105267 -365.030914 -75.199409 58.718697 -34.835098 69.788483 11.566077 
<Inverted_Deviation>
0.002762 0.004093 0.026420 0.005948 0.005899 0.022569 0.010347 0.014909 0.012501 
<LogVarVal> 47.382931
<Mixture> 1 <Weight> 0.463415
<Mean>
1587.907959 103.014534 12.413713 -99.192520 6.922550 3.691512 20.711023 -2.708909 -3.488356 
<Inverted_Deviation>
0.004836 0.004449 0.014798 0.004315 0.008727 0.012629 0.013784 0.015516 0.017086 
<LogVarVal> 47.189484
<Mixture> 2 <Weight> 0.317073
<Mean>
2546.769287 226.285095 -63.812843 52.430691 -96.330025 -28.674839 -64.385376 -31.709770 0.382775 
<Inverted_Deviation>
0.002474 0.003466 0.009966 0.004351 0.006554 0.012760 0.014656 0.017560 0.021110 
<LogVarVal> 48.376041
<State> 4
<NumMixes> 3
<Mixture> 0 <Weight> 0.294118
<Mean>
741.500000 -144.248718 65.638268 -75.921608 96.911324 28.920570 50.452766 25.939018 -6.146614 
<Inverted_Deviation>
0.005841 0.004914 0.012270 0.008541 0.010007 0.022459 0.008275 0.013589 0.029665 
<LogVarVal> 45.784458
<Mixture> 1 <Weight> 0.450980
<Mean>
1225.195679 14.319532 -50.657841 3.033553 -63.816734 10.951245 -27.583241 5.961816 5.250345 
<Inverted_Deviation>
0.006279 0.003830 0.014992 0.007712 0.013994 0.028284 0.022160 0.027069 0.040803 
<LogVarVal> 43.304306
<Mixture> 2 <Weight> 0.254902
<Mean>
869.237183 252.902832 43.837337 133.376602 38.883499 -57.483974 22.691006 -55.584614 -3.824878 
<Inverted_Deviation>
0.004854 0.005913 0.010332 0.010638 0.007734 0.018829 0.020013 0.014013 0.014943 
<LogVarVal> 45.942783
<State> 5
<NumMixes> 3
<Mixture> 0 <Weight> 0.340000
<Mean>
1148.490234 -22.317377 14.110672 -370.783386 -21.150452 -2.191876 83.290207 3.644463 1.188254 
<Inverted_Deviation>
0.003038 0.007474 0.013139 0.003571 0.006289 0.014153 0.004036 0.008737 0.016686 
<LogVarVal> 49.484055
<Mixture> 1 <Weight> 0.320000
<Mean>
2073.213379 -131.906143 -1.133801 -9.635241 89.725929 -16.575682 -99.652145 9.989090 1.450344 
<Inverted_Deviation>
0.003532 0.003869 0.010973 0.002593 0.005451 0.007506 0.004824 0.006188 0.008697 
<LogVarVal> 52.087177
<Mixture> 2 <Weight> 0.340000
<Mean>
1455.980347 -115.771454 22.462196 139.727737 -31.209063 1.337150 22.949345 -6.208885 -0.190906 
<Inverted_Deviation>
0.003840 0.007616 0.015904 0.006197 0.019086 0.031458 0.006831 0.017972 0.036673 
<LogVarVal> 44.544865
<TransP>
-0.147636 -1.985915 -10000000000.000000 -10000000000.000000 -10000000000.000000 -10000000000.000000 
-10000000000.000000 -0.144581 -2.005333 -10000000000.000000 -10000000000.000000 -10000000000.000000 
-10000000000.000000 -10000000000.000000 -0.154151 -1.945910 -10000000000.000000 -10000000000.000000 
-10000000000.000000 -10000000000.000000 -10000000000.000000 -0.187212 -1.767662 -10000000000.000000 
-10000000000.000000 -10000000000.000000 -10000000000.000000 -10000000000.000000 -0.147636 -1.985915 
-10000000000.000000 -10000000000.000000 -10000000000.000000 -10000000000.000000 -10000000000.000000 -0.000000 
<EndEmbeddedHMM>
<BeginEmbeddedHMM>
<NumStates> 6
<State> 0
<NumMixes> 3
<Mixture> 0 <Weight> 0.700000
<Mean>
345.923798 -14.051793 0.039776 5.590762 -0.586811 -1.654974 6.448819 3.487282 0.389234 
<Inverted_Deviation>
0.007729 0.011059 0.023814 0.014727 0.026428 0.049234 0.025682 0.044989 0.070711 
<LogVarVal> 38.531101
<Mixture> 1 <Weight> 0.160000
<Mean>
591.552063 14.381589 1.322521 -338.528107 -35.277042 2.574283 215.193604 -2.067907 -4.815906 
<Inverted_Deviation>
0.008513 0.013728 0.028094 0.007546 0.040470 0.053499 0.019971 0.024293 0.070711 
<LogVarVal> 39.080112
<Mixture> 2 <Weight> 0.140000
<Mean>
1069.976074 2.598318 0.087694 -570.262329 31.269621 3.642447 -54.927498 -38.727604 3.844605 
<Inverted_Deviation>
0.021143 0.022685 0.044355 0.008878 0.038230 0.059481 0.006965 0.039040 0.070711 
<LogVarVal> 37.578823
<State> 1
<NumMixes> 3
<Mixture> 0 <Weight> 0.500000
<Mean>
377.395813 -29.137083 4.788825 3.628575 -4.465148 0.454561 9.611822 1.958674 0.745356 
<Inverted_Deviation>
0.011878 0.042829 0.070711 0.020902 0.070711 0.070711 0.044113 0.070711 0.070711 
<LogVarVal> 32.969597
<Mixture> 1 <Weight> 0.357143
<Mean>
648.995789 -88.923874 9.486156 34.949184 -4.185983 -0.167974 3.517726 1.633575 -0.358213 
<Inverted_Deviation>
0.005301 0.027727 0.070711 0.026188 0.070711 0.070711 0.065458 0.070711 0.070711 
<LogVarVal> 33.591064
<Mixture> 2 <Weight> 0.142857
<Mean>
923.531250 12.492416 2.074908 -543.363525 -47.397629 5.130877 269.070404 -9.289266 -4.399063 
<Inverted_Deviation>
0.017032 0.060657 0.070711 0.005667 0.026636 0.070711 0.014339 0.021767 0.070711 
<LogVarVal> 36.844688
<State> 2
<NumMixes> 3
<Mixture> 0 <Weight> 0.333333
<Mean>
2409.935791 -360.699066 -102.341789 -123.442741 -100.592621 66.107651 -48.378094 47.088669 -5.753790 
<Inverted_Deviation>
0.002006 0.002930 0.007531 0.005740 0.004783 0.011475 0.011274 0.024092 0.017725 
<LogVarVal> 49.299088
<Mixture> 1 <Weight> 0.179487
<Mean>
2086.368896 203.838028 -113.385422 479.265625 -111.840538 -87.670898 -70.089287 -91.446404 22.002066 
<Inverted_Deviation>
0.002029 0.002716 0.006583 0.005882 0.003615 0.014602 0.007399 0.011196 0.011823 
<LogVarVal> 51.104691
<Mixture> 2 <Weight> 0.487179
<Mean>
1191.807007 -221.491058 60.887039 55.229034 21.243494 -9.568328 53.928673 18.471567 -2.686408 
<Inverted_Deviation>
0.003229 0.002973 0.008784 0.004399 0.005053 0.011627 0.007082 0.014152 0.023351 
<LogVarVal> 49.573547
<State> 3
<NumMixes> 3
<Mixture> 0 <Weight> 0.222222
<Mean>
2222.925049 344.134308 -2.478718 343.324280 -24.118288 -38.773949 -29.041931 -33.064976 -0.833610 
<Inverted_Deviation>
0.002063 0.014853 0.013020 0.009278 0.005326 0.016642 0.021207 0.021880 0.015553 
<LogVarVal> 45.736092
<Mixture> 1 <Weight> 0.400000
<Mean>
694.236084 83.800232 11.596733 85.615700 16.046446 0.972874 26.168367 2.891782 0.989432 
<Inverted_Deviation>
0.004315 0.020552 0.042246 0.009905 0.057789 0.070711 0.054261 0.070711 0.070711 
<LogVarVal> 35.973000
<Mixture> 2 <Weight> 0.377778
<Mean>
1268.039185 190.214676 17.020763 241.072037 59.885159 9.321037 16.506334 6.818030 -0.628353 
<Inverted_Deviation>
0.003209 0.009747 0.023586 0.007270 0.015474 0.032218 0.024558 0.033050 0.032911 
<LogVarVal> 42.329155
<State> 4
<NumMixes> 3
<Mixture> 0 <Weight> 0.288136
<Mean>
851.279419 -116.389076 44.123383 -13.909247 59.060215 -3.492388 9.704445 -1.683759 3.768674 
<Inverted_Deviation>
0.004844 0.004481 0.009469 0.006662 0.010379 0.012976 0.012632 0.014849 0.024958 
<LogVarVal> 46.744743
<Mixture> 1 <Weight> 0.525424
<Mean>
1455.830688 7.521976 -13.120674 -6.355426 -8.948874 -3.253688 -8.106481 3.906362 1.303993 
<Inverted_Deviation>
0.017207 0.017827 0.025150 0.017141 0.017347 0.036885 0.024128 0.023973 0.057559 
<LogVarVal> 38.654381
<Mixture> 2 <Weight> 0.186441
<Mean>
1236.302979 -209.455704 -29.377619 -43.053890 -11.808530 24.111456 0.870922 2.466245 -6.416491 
<Inverted_Deviation>
0.007613 0.014912 0.008528 0.007975 0.013711 0.011003 0.009994 0.019488 0.013954 
<LogVarVal> 45.445450
<State> 5
<NumMixes> 3
<Mixture> 0 <Weight> 0.488889
<Mean>
1315.087280 -21.923634 22.069372 -61.322941 -2.682379 5.504124 14.608938 -3.201081 -2.067553 
<Inverted_Deviation>
0.005952 0.007043 0.015986 0.008532 0.024951 0.057861 0.011256 0.027636 0.044040 
<LogVarVal> 41.869720
<Mixture> 1 <Weight> 0.266667
<Mean>
2191.506592 -324.867767 48.969593 -35.318604 25.096445 31.046333 -19.605988 -1.060876 6.388346 
<Inverted_Deviation>
0.003603 0.005740 0.006327 0.007112 0.008921 0.010977 0.009841 0.009476 0.009011 
<LogVarVal> 49.167336
<Mixture> 2 <Weight> 0.244444
<Mean>
1697.674194 -201.681702 44.115215 -15.052123 17.310991 -33.021175 -15.285166 3.794683 -3.378764 
<Inverted_Deviation>
0.007519 0.005318 0.007345 0.004814 0.010148 0.015019 0.007366 0.018920 0.017555 
<LogVarVal> 47.238014
<TransP>
-0.150823 -1.966113 -10000000000.000000 -10000000000.000000 -10000000000.000000 -10000000000.000000 
-10000000000.000000 -0.133531 -2.079442 -10000000000.000000 -10000000000.000000 -10000000000.000000 
-10000000000.000000 -10000000000.000000 -0.197826 -1.717651 -10000000000.000000 -10000000000.000000 
-10000000000.000000 -10000000000.000000 -10000000000.000000 -0.169076 -1.860752 -10000000000.000000 
-10000000000.000000 -10000000000.000000 -10000000000.000000 -10000000000.000000 -0.126294 -2.131627 
-10000000000.000000 -10000000000.000000 -10000000000.000000 -10000000000.000000 -10000000000.000000 0.000000 
<EndEmbeddedHMM>
<BeginEmbeddedHMM>
<NumStates> 6
<State> 0
<NumMixes> 3
<Mixture> 0 <Weight> 0.137931
<Mean>
1550.302124 -23.079281 -2.167905 -254.639130 40.888367 -1.849860 -138.511887 30.726141 -0.202003 
<Inverted_Deviation>
0.016586 0.029754 0.070711 0.005385 0.027420 0.070711 0.006803 0.033649 0.070711 
<LogVarVal> 37.915520
<Mixture> 1 <Weight> 0.465517
<Mean>
2081.364014 -47.888153 -0.115485 -39.711498 0.657008 -0.592545 -1.982082 0.683505 -0.045550 
<Inverted_Deviation>
0.008772 0.070711 0.070711 0.042840 0.070711 0.070711 0.070711 0.070711 0.070711 
<LogVarVal> 31.581877
<Mixture> 2 <Weight> 0.396552
<Mean>
1818.688354 -53.342648 0.076246 -46.962238 -1.761541 0.009562 -3.702476 -0.731914 -0.339504 
<Inverted_Deviation>
0.008562 0.070711 0.070711 0.038570 0.070711 0.070711 0.069172 0.070711 0.070711 
<LogVarVal> 31.733112
<State> 1
<NumMixes> 3
<Mixture> 0 <Weight> 0.140000
<Mean>
1515.130859 14.500086 0.095233 -673.104126 28.814455 3.323016 -193.012665 -41.133327 4.395612 
<Inverted_Deviation>
0.021325 0.070711 0.070711 0.009382 0.036516 0.070711 0.007062 0.031486 0.070711 
<LogVarVal> 35.986107
<Mixture> 1 <Weight> 0.720000
<Mean>
2416.161865 -43.005020 -0.888751 -39.925957 0.612242 0.268141 -1.845452 0.540835 -0.197994 
<Inverted_Deviation>
0.006880 0.070711 0.070711 0.037222 0.070711 0.070711 0.070711 0.070711 0.070711 
<LogVarVal> 31.965450
<Mixture> 2 <Weight> 0.140000
<Mean>
2070.750000 0.983864 -2.871938 -264.045990 52.166561 -1.641885 -162.416214 36.256599 -0.054311 
<Inverted_Deviation>
0.038837 0.044269 0.070711 0.005508 0.053003 0.070711 0.007329 0.057935 0.070711 
<LogVarVal> 35.367825
<State> 2
<NumMixes> 3
<Mixture> 0 <Weight> 0.361702
<Mean>
1631.568604 56.866688 -5.456203 -618.093018 -11.518150 3.742353 32.336620 -39.155239 -1.228655 
<Inverted_Deviation>
0.002707 0.011449 0.042021 0.008175 0.017685 0.042062 0.002909 0.022044 0.059156 
<LogVarVal> 43.195061
<Mixture> 1 <Weight> 0.085106
<Mean>
2464.270752 36.783051 -8.253876 -173.106049 44.527225 -5.144766 -92.203308 35.557266 -2.135361 
<Inverted_Deviation>
0.013966 0.030695 0.070711 0.011785 0.044396 0.070711 0.014775 0.068381 0.070711 
<LogVarVal> 35.306530
<Mixture> 2 <Weight> 0.553191
<Mean>
2667.769287 -1.868901 -5.399694 -31.508226 1.058252 -0.512673 -4.982124 0.657625 0.073802 
<Inverted_Deviation>
0.016605 0.029677 0.070711 0.040142 0.070711 0.070711 0.070711 0.070711 0.070711 
<LogVarVal> 31.877052
<State> 3
<NumMixes> 3
<Mixture> 0 <Weight> 0.268293
<Mean>
897.954529 -19.981327 42.349831 -339.028839 -2.834084 -8.289942 167.373795 31.323223 -9.044404 
<Inverted_Deviation>
0.003305 0.003357 0.015094 0.005109 0.008335 0.029454 0.008611 0.014147 0.030451 
<LogVarVal> 46.847515
<Mixture> 1 <Weight> 0.365854
<Mean>
1847.461060 96.083130 41.265301 -174.037857 -10.806718 6.016743 -96.328865 -1.675657 0.977949 
<Inverted_Deviation>
0.003821 0.006520 0.016931 0.003333 0.023648 0.061611 0.007152 0.040476 0.070711 
<LogVarVal> 42.861713
<Mixture> 2 <Weight> 0.365854
<Mean>
2389.822510 136.519623 -18.168545 -58.650902 4.906175 0.473187 -30.460135 6.085706 0.451328 
<Inverted_Deviation>
0.004298 0.012099 0.070711 0.008253 0.038848 0.070711 0.014578 0.063135 0.070711 
<LogVarVal> 37.999023
<State> 4
<NumMixes> 3
<Mixture> 0 <Weight> 0.375000
<Mean>
1898.874878 436.408081 -44.819706 -12.541039 21.960928 5.415670 -10.984509 -33.199924 0.432034 
<Inverted_Deviation>
0.003247 0.004997 0.002591 0.004779 0.004920 0.006557 0.009664 0.016012 0.013536 
<LogVarVal> 50.897297
<Mixture> 1 <Weight> 0.250000
<Mean>
1399.291626 27.223370 -14.995344 -249.432373 -100.236633 9.844014 64.757629 29.210934 2.743415 
<Inverted_Deviation>
0.004358 0.004181 0.008175 0.005022 0.006048 0.007907 0.008128 0.011243 0.013403 
<LogVarVal> 49.725372
<Mixture> 2 <Weight> 0.375000
<Mean>
2070.479248 -298.488434 -21.514479 -36.298550 -53.824192 -11.711720 -48.936489 -0.210257 4.719057 
<Inverted_Deviation>
0.003020 0.005079 0.005212 0.003139 0.010475 0.017065 0.011596 0.012326 0.019813 
<LogVarVal> 48.661110
<State> 5
<NumMixes> 3
<Mixture> 0 <Weight> 0.651515
<Mean>
1185.523315 -13.372550 21.335491 25.001320 10.798179 -4.524103 7.826983 -2.851693 0.999076 
<Inverted_Deviation>
0.004826 0.007839 0.031676 0.007807 0.017206 0.038044 0.016962 0.031492 0.063854 
<LogVarVal> 41.256001
<Mixture> 1 <Weight> 0.166667
<Mean>
2595.477295 -356.401581 -77.284622 -46.123638 -26.961065 3.179065 -29.223719 -7.599495 2.333546 
<Inverted_Deviation>
0.003305 0.004571 0.009562 0.004565 0.006061 0.006540 0.007737 0.009359 0.011715 
<LogVarVal> 50.406387
<Mixture> 2 <Weight> 0.181818
<Mean>
1792.965210 -418.716949 69.321968 -79.923454 1.528694 19.101526 -20.758318 17.305876 -5.176210 
<Inverted_Deviation>
0.003417 0.006710 0.011591 0.005299 0.005175 0.010211 0.006193 0.011306 0.014576 
<LogVarVal> 49.175671
<TransP>
-0.128617 -2.114533 -10000000000.000000 -10000000000.000000 -10000000000.000000 -10000000000.000000 
-10000000000.000000 -0.150823 -1.966113 -10000000000.000000 -10000000000.000000 -10000000000.000000 
-10000000000.000000 -10000000000.000000 -0.161268 -1.904238 -10000000000.000000 -10000000000.000000 
-10000000000.000000 -10000000000.000000 -10000000000.000000 -0.187212 -1.767662 -10000000000.000000 
-10000000000.000000 -10000000000.000000 -10000000000.000000 -10000000000.000000 -0.246860 -1.519826 
-10000000000.000000 -10000000000.000000 -10000000000.000000 -10000000000.000000 -10000000000.000000 0.000000 
<EndEmbeddedHMM>
<BeginEmbeddedHMM>
<NumStates> 3
<State> 0
<NumMixes> 3
<Mixture> 0 <Weight> 0.309278
<Mean>
2055.944336 -43.003628 -0.613574 -7.742281 -0.899868 0.091136 -2.703743 -0.014829 -0.014434 
<Inverted_Deviation>
0.009716 0.070711 0.070711 0.049550 0.070711 0.070711 0.070711 0.070711 0.070711 
<LogVarVal> 31.334150
<Mixture> 1 <Weight> 0.268041
<Mean>
2287.438721 -45.423061 0.118850 -2.715206 -1.002327 0.181499 -4.515326 0.568721 -0.130406 
<Inverted_Deviation>
0.010776 0.070711 0.070711 0.044147 0.070711 0.070711 0.070711 0.070711 0.070711 
<LogVarVal> 31.346020
<Mixture> 2 <Weight> 0.422680
<Mean>
2562.857422 -30.524309 -2.460700 4.386858 -3.960853 1.132023 -7.102009 1.297038 -0.717478 
<Inverted_Deviation>
0.007010 0.058590 0.070711 0.032661 0.070711 0.070711 0.070711 0.070711 0.070711 
<LogVarVal> 32.265411
<State> 1
<NumMixes> 3
<Mixture> 0 <Weight> 0.612500
<Mean>
1547.413208 27.293800 6.065889 42.458916 22.045307 8.225163 20.933887 9.500725 2.761541 
<Inverted_Deviation>
0.008097 0.017752 0.044686 0.009766 0.015407 0.038219 0.016486 0.022839 0.048633 
<LogVarVal> 40.081135
<Mixture> 1 <Weight> 0.175000
<Mean>
2543.476318 111.914680 -34.400970 176.166061 -118.759605 20.377928 -89.287827 40.753845 10.378867 
<Inverted_Deviation>
0.006367 0.012084 0.023374 0.007633 0.015882 0.021496 0.015130 0.021878 0.020242 
<LogVarVal> 43.151043
<Mixture> 2 <Weight> 0.212500
<Mean>
2047.519531 173.659561 10.410991 362.757751 32.989071 -38.677834 14.166476 -70.679794 -11.391502 
<Inverted_Deviation>
0.004210 0.011749 0.030075 0.010466 0.008357 0.020697 0.007447 0.014560 0.015360 
<LogVarVal> 45.097221
<State> 2
<NumMixes> 3
<Mixture> 0 <Weight> 0.480000
<Mean>
1476.763794 -0.146817 -35.548393 -54.581219 -1.553118 14.643190 5.490107 -11.582891 11.098513 
<Inverted_Deviation>
0.005999 0.005070 0.006990 0.005875 0.007428 0.009745 0.010782 0.011525 0.013780 
<LogVarVal> 48.463219
<Mixture> 1 <Weight> 0.266667
<Mean>
1225.129150 17.529026 58.815529 26.765692 9.490217 -7.642236 22.326880 -3.634844 -7.975383 
<Inverted_Deviation>
0.007865 0.004575 0.008713 0.007680 0.010461 0.012871 0.013181 0.016145 0.020110 
<LogVarVal> 46.270412
<Mixture> 2 <Weight> 0.253333
<Mean>
1797.846436 -159.013550 0.790531 163.690262 -33.787262 -21.400101 19.752483 22.148092 -15.200905 
<Inverted_Deviation>
0.003354 0.005512 0.007598 0.003575 0.005376 0.008418 0.012388 0.009983 0.012095 
<LogVarVal> 49.979568
<TransP>
-0.063852 -2.782952 -10000000000.000000 
-10000000000.000000 -0.077962 -2.590267 
-10000000000.000000 -10000000000.000000 0.000000 
<EndEmbeddedHMM>
