<NumSuperStates> 5
<NumStates> 3 6 6 6 3 
<NumMixtures> 3 3 3 3 3 3 3 3 3 3 3 3 3 3 3 3 3 3 3 3 3 3 3 3 
<VecSize> 9
<BeginExternalHMM>
<NumStates> 5
<TransP>
-0.154151 -1.945910 -10000000000.000000 -10000000000.000000 -10000000000.000000 
-10000000000.000000 -0.154151 -1.945910 -10000000000.000000 -10000000000.000000 
-10000000000.000000 -10000000000.000000 -0.154151 -1.945910 -10000000000.000000 
-10000000000.000000 -10000000000.000000 -10000000000.000000 -0.154151 -1.945910 
-10000000000.000000 -10000000000.000000 -10000000000.000000 -10000000000.000000 0.000000 
<EndExternalHMM>
<BeginEmbeddedHMM>
<NumStates> 3
<State> 0
<NumMixes> 3
<Mixture> 0 <Weight> 0.180851
<Mean>
2339.068604 -21.223078 -50.223282 -271.178955 30.695114 4.410160 -47.364372 -6.135288 0.128190 
<Inverted_Deviation>
0.002083 0.002123 0.008631 0.004789 0.008607 0.016049 0.017195 0.014353 0.021171 
<LogVarVal> 48.623299
<Mixture> 1 <Weight> 0.585106
<Mean>
724.731812 46.965450 1.676159 -80.598587 -10.329886 -0.033335 10.754256 0.972146 0.105774 
<Inverted_Deviation>
0.004954 0.015116 0.045188 0.015706 0.056041 0.070711 0.070711 0.070711 0.070711 
<LogVarVal> 35.379745
<Mixture> 2 <Weight> 0.234043
<Mean>
1347.784058 94.694092 -8.517764 -274.801941 -33.541721 3.509860 32.115627 -0.452491 -0.113836 
<Inverted_Deviation>
0.003212 0.004699 0.016807 0.006671 0.009292 0.018331 0.019595 0.019912 0.023700 
<LogVarVal> 45.617386
<State> 1
<NumMixes> 3
<Mixture> 0 <Weight> 0.304348
<Mean>
355.607178 21.991770 0.657380 -0.081460 -0.222442 -0.439055 2.748559 0.045961 -0.011033 
<Inverted_Deviation>
0.012598 0.070711 0.070711 0.050112 0.070711 0.070711 0.070711 0.070711 0.070711 
<LogVarVal> 31.063116
<Mixture> 1 <Weight> 0.400000
<Mean>
189.474609 9.485154 0.609634 -8.395664 1.572871 -0.026854 4.717251 -0.200100 0.174216 
<Inverted_Deviation>
0.016691 0.068541 0.070711 0.037922 0.070711 0.070711 0.070711 0.070711 0.070711 
<LogVarVal> 31.091660
<Mixture> 2 <Weight> 0.295652
<Mean>
468.514771 2.833041 0.722803 -113.714821 2.487019 0.602639 1.166577 2.660860 -0.439217 
<Inverted_Deviation>
0.010387 0.045815 0.070711 0.013818 0.070711 0.070711 0.025302 0.070711 0.070711 
<LogVarVal> 34.006092
<State> 2
<NumMixes> 3
<Mixture> 0 <Weight> 0.141176
<Mean>
283.486084 -44.685928 32.250099 -83.074440 1.370592 3.934958 30.500906 -3.989335 0.039308 
<Inverted_Deviation>
0.009758 0.017449 0.020569 0.011583 0.054318 0.070711 0.019216 0.070711 0.070711 
<LogVarVal> 36.983994
<Mixture> 1 <Weight> 0.247059
<Mean>
611.027832 -142.531906 -9.227941 47.137894 -30.549875 -4.633024 -42.955410 9.802557 0.564080 
<Inverted_Deviation>
0.006734 0.006006 0.011463 0.006303 0.017090 0.036638 0.012478 0.046373 0.063284 
<LogVarVal> 42.393112
<Mixture> 2 <Weight> 0.611765
<Mean>
1033.432617 -35.953903 -1.579952 0.122993 8.393248 0.414299 -5.688670 -3.504780 -0.187910 
<Inverted_Deviation>
0.007765 0.024073 0.054030 0.017434 0.033042 0.070711 0.024401 0.047267 0.070711 
<LogVarVal> 36.177044
<TransP>
-0.077387 -2.597385 -10000000000.000000 
-10000000000.000000 -0.062801 -2.799022 
-10000000000.000000 -10000000000.000000 0.000000 
<EndEmbeddedHMM>
<BeginEmbeddedHMM>
<NumStates> 6
<State> 0
<NumMixes> 3
<Mixture> 0 <Weight> 0.234043
<Mean>
2535.189453 -313.332123 -45.433651 193.974808 41.633274 -41.678074 -24.501020 19.081282 4.327472 
<Inverted_Deviation>
0.004703 0.013615 0.017349 0.010249 0.014054 0.070711 0.070711 0.044112 0.035421 
<LogVarVal> 39.466766
<Mixture> 1 <Weight> 0.468085
<Mean>
2925.802490 -3.585857 -48.692383 2.949940 71.915726 -1.487005 -22.841473 -1.429224 -1.900551 
<Inverted_Deviation>
0.013194 0.006877 0.031854 0.009274 0.020925 0.023151 0.070711 0.036349 0.043072 
<LogVarVal> 39.327148
<Mixture> 2 <Weight> 0.297872
<Mean>
1807.202148 -302.168121 19.853592 175.296295 -50.429028 0.759633 3.251617 0.861899 -1.446127 
<Inverted_Deviation>
0.002572 0.006998 0.070711 0.011531 0.070711 0.070711 0.042185 0.070711 0.070711 
<LogVarVal> 36.950649
<State> 1
<NumMixes> 3
<Mixture> 0 <Weight> 0.319149
<Mean>
1694.855591 262.732269 33.256340 -129.009171 -37.035702 -9.776598 -3.888589 4.826595 2.922841 
<Inverted_Deviation>
0.003827 0.011874 0.041510 0.010032 0.025976 0.043138 0.060216 0.070711 0.070711 
<LogVarVal> 37.836250
<Mixture> 1 <Weight> 0.382979
<Mean>
1202.319458 104.897217 16.223188 -82.058998 -12.999388 -2.317432 -11.323066 1.607935 1.054368 
<Inverted_Deviation>
0.006131 0.017049 0.060430 0.011626 0.051828 0.070711 0.046856 0.070711 0.070711 
<LogVarVal> 35.546036
<Mixture> 2 <Weight> 0.297872
<Mean>
2462.065186 344.596191 -29.561661 -179.548248 23.437679 40.584042 -14.235746 -16.453491 -2.038744 
<Inverted_Deviation>
0.003324 0.012477 0.014443 0.016782 0.011439 0.022535 0.070202 0.065080 0.030016 
<LogVarVal> 40.724751
<State> 2
<NumMixes> 3
<Mixture> 0 <Weight> 0.346667
<Mean>
730.105774 4.818783 1.802804 -117.070610 4.197781 0.876513 10.277791 0.911761 -0.942283 
<Inverted_Deviation>
0.010176 0.024434 0.070711 0.025453 0.070711 0.070711 0.034789 0.070711 0.070711 
<LogVarVal> 33.725983
<Mixture> 1 <Weight> 0.453333
<Mean>
882.477905 24.043613 -1.215848 -19.952959 -15.767159 0.354837 -24.171627 3.021272 0.579597 
<Inverted_Deviation>
0.019675 0.029839 0.070711 0.010623 0.044666 0.070711 0.015653 0.070711 0.070711 
<LogVarVal> 34.998608
<Mixture> 2 <Weight> 0.200000
<Mean>
1046.183228 49.933468 3.166142 -35.982365 0.967338 0.223108 -7.584768 -3.721709 -0.429252 
<Inverted_Deviation>
0.011747 0.070711 0.070711 0.023387 0.070711 0.070711 0.037991 0.070711 0.070711 
<LogVarVal> 32.516361
<State> 3
<NumMixes> 3
<Mixture> 0 <Weight> 0.370370
<Mean>
763.533325 -5.419533 -27.150463 -43.864368 -37.271332 31.474659 -19.827595 34.548210 -8.948565 
<Inverted_Deviation>
0.013400 0.006940 0.009135 0.013151 0.008064 0.014504 0.011816 0.010676 0.015578 
<LogVarVal> 45.654839
<Mixture> 1 <Weight> 0.148148
<Mean>
521.541687 268.166656 25.995268 72.785255 -46.152168 -75.361320 5.376537 -35.454056 0.526763 
<Inverted_Deviation>
0.017572 0.012975 0.011770 0.013983 0.012968 0.016981 0.011746 0.019062 0.015846 
<LogVarVal> 43.219643
<Mixture> 2 <Weight> 0.481481
<Mean>
744.192322 76.765755 -20.821215 103.353149 -17.939552 -2.417484 -5.457311 -19.177103 14.582829 
<Inverted_Deviation>
0.012032 0.008449 0.014063 0.011558 0.009495 0.023137 0.009313 0.020601 0.019872 
<LogVarVal> 43.970318
<State> 4
<NumMixes> 3
<Mixture> 0 <Weight> 0.500000
<Mean>
278.097229 -66.920792 32.151470 -66.772301 54.266312 1.546651 26.404261 3.211221 3.821639 
<Inverted_Deviation>
0.006189 0.007020 0.021811 0.009218 0.020632 0.023974 0.026147 0.025918 0.038431 
<LogVarVal> 41.874516
<Mixture> 1 <Weight> 0.229167
<Mean>
1200.098511 -153.574692 -13.616114 -189.120743 -12.321929 3.055434 -59.207241 -0.264438 14.052857 
<Inverted_Deviation>
0.002469 0.006043 0.011378 0.007632 0.009329 0.012394 0.020887 0.012675 0.021414 
<LogVarVal> 46.761189
<Mixture> 2 <Weight> 0.270833
<Mean>
373.743591 102.120232 28.173403 169.952332 31.507982 -19.991117 39.156765 -35.245159 -14.466249 
<Inverted_Deviation>
0.008479 0.009039 0.030719 0.013806 0.011647 0.022580 0.011602 0.015371 0.026150 
<LogVarVal> 42.912300
<State> 5
<NumMixes> 3
<Mixture> 0 <Weight> 0.380000
<Mean>
1051.592041 -66.678261 1.291548 -96.233009 -49.021355 9.670774 14.331541 14.530893 -14.709312 
<Inverted_Deviation>
0.005644 0.004683 0.013383 0.003610 0.005223 0.011329 0.007957 0.008036 0.015939 
<LogVarVal> 49.161484
<Mixture> 1 <Weight> 0.300000
<Mean>
634.433350 -116.085983 5.523273 -32.324989 -24.749411 0.855803 93.389885 22.815088 -5.608682 
<Inverted_Deviation>
0.004958 0.008392 0.019634 0.002834 0.006411 0.014563 0.012675 0.014844 0.026058 
<LogVarVal> 46.539814
<Mixture> 2 <Weight> 0.320000
<Mean>
1566.744751 36.470501 -48.536125 -267.432983 64.497368 16.466394 -43.519539 -30.603565 9.768297 
<Inverted_Deviation>
0.003904 0.004011 0.008763 0.002895 0.005129 0.007005 0.003471 0.007710 0.009539 
<LogVarVal> 52.212620
<TransP>
-0.161268 -1.904238 -10000000000.000000 -10000000000.000000 -10000000000.000000 -10000000000.000000 
-10000000000.000000 -0.161268 -1.904238 -10000000000.000000 -10000000000.000000 -10000000000.000000 
-10000000000.000000 -10000000000.000000 -0.097980 -2.371578 -10000000000.000000 -10000000000.000000 
-10000000000.000000 -10000000000.000000 -10000000000.000000 -0.300105 -1.349927 -10000000000.000000 
-10000000000.000000 -10000000000.000000 -10000000000.000000 -10000000000.000000 -0.157629 -1.925291 
-10000000000.000000 -10000000000.000000 -10000000000.000000 -10000000000.000000 -10000000000.000000 -0.000000 
<EndEmbeddedHMM>
<BeginEmbeddedHMM>
<NumStates> 6
<State> 0
<NumMixes> 3
<Mixture> 0 <Weight> 0.195652
<Mean>
1780.842651 -239.070740 25.778984 311.860199 -77.679199 -4.629964 3.320655 16.663343 -10.065702 
<Inverted_Deviation>
0.002507 0.011456 0.053430 0.007269 0.013395 0.025164 0.034525 0.031679 0.042352 
<LogVarVal> 41.437866
<Mixture> 1 <Weight> 0.652174
<Mean>
957.552795 -81.095787 -0.256520 132.967743 -14.335530 4.568109 19.044678 -8.891417 1.479004 
<Inverted_Deviation>
0.002856 0.012805 0.037543 0.011812 0.015959 0.041206 0.019813 0.030974 0.053648 
<LogVarVal> 40.736794
<Mixture> 2 <Weight> 0.152174
<Mean>
942.452271 -70.951073 -6.148969 -321.012726 25.677551 -3.161959 192.215424 -0.833518 -1.307470 
<Inverted_Deviation>
0.003200 0.010892 0.033834 0.016078 0.020168 0.047559 0.030237 0.032611 0.070711 
<LogVarVal> 39.452507
<State> 1
<NumMixes> 3
<Mixture> 0 <Weight> 0.289474
<Mean>
1559.886353 278.660645 37.813797 337.016693 -34.605839 -13.370242 0.592688 -0.929723 0.126684 
<Inverted_Deviation>
0.002781 0.002307 0.006476 0.002476 0.004490 0.009402 0.008603 0.009338 0.012626 
<LogVarVal> 52.022308
<Mixture> 1 <Weight> 0.421053
<Mean>
901.718750 69.729790 18.609058 29.797840 47.740032 0.918145 145.313614 -13.814257 -9.097372 
<Inverted_Deviation>
0.004764 0.007096 0.011573 0.002502 0.008388 0.013264 0.006233 0.012834 0.019734 
<LogVarVal> 48.358635
<Mixture> 2 <Weight> 0.289474
<Mean>
2558.734863 -7.530318 -108.458939 237.295837 100.818817 -2.229191 -100.045731 9.721963 16.640320 
<Inverted_Deviation>
0.002749 0.002412 0.007130 0.002914 0.008173 0.010865 0.010703 0.008699 0.014883 
<LogVarVal> 50.675282
<State> 2
<NumMixes> 3
<Mixture> 0 <Weight> 0.471264
<Mean>
507.420624 10.441567 1.053504 -8.884090 22.862051 0.470074 60.340725 -5.035732 -0.040232 
<Inverted_Deviation>
0.007468 0.025041 0.070711 0.004922 0.038570 0.070711 0.011465 0.044517 0.070711 
<LogVarVal> 37.832832
<Mixture> 1 <Weight> 0.310345
<Mean>
1291.370361 -53.501774 0.399465 -633.076050 15.643476 1.876520 35.534222 26.588182 -0.485408 
<Inverted_Deviation>
0.002451 0.048534 0.070711 0.008332 0.027143 0.070711 0.003636 0.032778 0.070711 
<LogVarVal> 39.564526
<Mixture> 2 <Weight> 0.218391
<Mean>
832.960449 49.670544 2.980102 168.310043 -1.099883 -0.016066 -46.082115 -0.780162 0.187809 
<Inverted_Deviation>
0.004790 0.049605 0.070711 0.011667 0.056829 0.070711 0.012319 0.050648 0.070711 
<LogVarVal> 36.141922
<State> 3
<NumMixes> 3
<Mixture> 0 <Weight> 0.500000
<Mean>
442.942261 6.574255 36.878178 50.686607 20.286448 -27.384945 23.768738 6.055644 -3.617463 
<Inverted_Deviation>
0.003719 0.006463 0.008764 0.004967 0.007129 0.007720 0.015191 0.014122 0.029013 
<LogVarVal> 47.624012
<Mixture> 1 <Weight> 0.230769
<Mean>
1041.166504 207.622025 93.480621 -301.984955 -275.123474 22.515594 60.922558 32.981102 -35.590076 
<Inverted_Deviation>
0.004662 0.002863 0.004194 0.003463 0.004913 0.004113 0.004328 0.007244 0.007701 
<LogVarVal> 53.561466
<Mixture> 2 <Weight> 0.269231
<Mean>
1987.154663 59.282116 -71.271446 -413.109650 -33.707081 11.740026 -156.083527 -38.603394 18.948898 
<Inverted_Deviation>
0.003040 0.002879 0.006173 0.004239 0.022382 0.012092 0.009442 0.016275 0.021367 
<LogVarVal> 48.189716
<State> 4
<NumMixes> 3
<Mixture> 0 <Weight> 0.340000
<Mean>
1332.867676 -210.045288 -41.152252 -79.041603 -27.953508 13.206857 -32.643192 12.169333 9.896183 
<Inverted_Deviation>
0.003645 0.005699 0.010391 0.005111 0.006516 0.012053 0.010669 0.012145 0.011755 
<LogVarVal> 48.622967
<Mixture> 1 <Weight> 0.180000
<Mean>
647.435181 -237.744202 44.138603 -190.141464 50.298538 1.332375 10.851387 -0.129175 -0.821236 
<Inverted_Deviation>
0.004039 0.004845 0.007441 0.009266 0.014546 0.011982 0.021346 0.022079 0.014626 
<LogVarVal> 46.114830
<Mixture> 2 <Weight> 0.480000
<Mean>
1368.003418 91.164787 -21.246635 101.717896 -28.822634 -12.610241 -10.852185 -14.328766 0.135600 
<Inverted_Deviation>
0.003713 0.008820 0.010928 0.007438 0.010380 0.015251 0.012596 0.024830 0.037441 
<LogVarVal> 45.001369
<State> 5
<NumMixes> 3
<Mixture> 0 <Weight> 0.319149
<Mean>
1619.160889 -249.718307 -15.926586 68.054550 40.987968 -28.447481 -9.801710 2.008182 20.614380 
<Inverted_Deviation>
0.004266 0.005609 0.004788 0.004163 0.004492 0.006927 0.004225 0.004691 0.006764 
<LogVarVal> 52.817638
<Mixture> 1 <Weight> 0.425532
<Mean>
2177.583496 -81.051071 -79.440811 -61.189209 34.029556 4.171142 0.058520 5.948151 -13.496402 
<Inverted_Deviation>
0.003802 0.002350 0.003985 0.005472 0.004489 0.005107 0.006417 0.004718 0.005165 
<LogVarVal> 53.864338
<Mixture> 2 <Weight> 0.255319
<Mean>
1023.937500 -55.212841 66.449829 27.410162 20.303640 21.274504 26.998703 4.005600 -1.319658 
<Inverted_Deviation>
0.007840 0.005233 0.018116 0.005953 0.006127 0.017676 0.008280 0.006819 0.016099 
<LogVarVal> 47.429184
<TransP>
-0.165080 -1.882731 -10000000000.000000 -10000000000.000000 -10000000000.000000 -10000000000.000000 
-10000000000.000000 -0.203599 -1.691676 -10000000000.000000 -10000000000.000000 -10000000000.000000 
-10000000000.000000 -10000000000.000000 -0.083881 -2.519998 -10000000000.000000 -10000000000.000000 
-10000000000.000000 -10000000000.000000 -10000000000.000000 -0.313658 -1.312186 -10000000000.000000 
-10000000000.000000 -10000000000.000000 -10000000000.000000 -10000000000.000000 -0.150823 -1.966113 
-10000000000.000000 -10000000000.000000 -10000000000.000000 -10000000000.000000 -10000000000.000000 0.000000 
<EndEmbeddedHMM>
<BeginEmbeddedHMM>
<NumStates> 6
<State> 0
<NumMixes> 3
<Mixture> 0 <Weight> 0.187500
<Mean>
1344.175903 -82.950958 -2.538449 -417.080231 -4.689989 -0.174891 -93.667587 16.229404 -0.012648 
<Inverted_Deviation>
0.003522 0.021831 0.069123 0.009234 0.029286 0.070711 0.018000 0.043997 0.070711 
<LogVarVal> 37.951283
<Mixture> 1 <Weight> 0.500000
<Mean>
2098.156494 -37.766148 -1.338058 -37.674221 -1.636224 -0.469405 -0.258216 -0.525052 -0.091050 
<Inverted_Deviation>
0.010311 0.070711 0.070711 0.024527 0.070711 0.070711 0.042316 0.070711 0.070711 
<LogVarVal> 32.491280
<Mixture> 2 <Weight> 0.312500
<Mean>
1856.927856 -63.638107 -2.346506 -114.214447 -13.663667 -0.737166 -28.426245 -3.567644 -0.567942 
<Inverted_Deviation>
0.007124 0.041287 0.070711 0.011427 0.070711 0.070711 0.032909 0.070711 0.070711 
<LogVarVal> 34.414349
<State> 1
<NumMixes> 3
<Mixture> 0 <Weight> 0.140000
<Mean>
1757.880859 -50.350689 3.093243 -403.096252 -18.468470 3.443547 -199.646454 -5.619164 3.165522 
<Inverted_Deviation>
0.005907 0.049083 0.070711 0.015777 0.058099 0.070711 0.031891 0.044502 0.070711 
<LogVarVal> 34.797073
<Mixture> 1 <Weight> 0.240000
<Mean>
2134.263916 -31.823641 0.641340 -105.180458 -1.868114 0.944455 -18.235426 0.423269 0.002791 
<Inverted_Deviation>
0.009497 0.070711 0.070711 0.027704 0.070711 0.070711 0.070711 0.070711 0.070711 
<LogVarVal> 31.938337
<Mixture> 2 <Weight> 0.620000
<Mean>
2314.043213 -27.263823 -0.654982 -37.951775 -1.939688 -0.225211 -5.190406 -0.472095 0.161669 
<Inverted_Deviation>
0.014148 0.070711 0.070711 0.023620 0.070711 0.070711 0.042026 0.070711 0.070711 
<LogVarVal> 32.219570
<State> 2
<NumMixes> 3
<Mixture> 0 <Weight> 0.072289
<Mean>
2181.708252 -47.421207 -2.215344 -208.745544 -22.755411 -2.292006 -81.290031 -13.912849 -0.964512 
<Inverted_Deviation>
0.007441 0.066103 0.070711 0.015088 0.070711 0.070711 0.023889 0.070711 0.070711 
<LogVarVal> 33.942604
<Mixture> 1 <Weight> 0.409639
<Mean>
2448.201172 -22.529041 -0.679312 -49.446636 -2.013296 -0.668760 -10.481127 -0.722423 -0.323083 
<Inverted_Deviation>
0.017716 0.070711 0.070711 0.017458 0.070711 0.070711 0.049608 0.070711 0.070711 
<LogVarVal> 32.131073
<Mixture> 2 <Weight> 0.518072
<Mean>
2615.709229 -21.651306 -0.625412 -30.084152 -0.103235 0.151940 -2.708587 0.739556 -0.412952 
<Inverted_Deviation>
0.011040 0.070711 0.070711 0.043782 0.070711 0.070711 0.069767 0.070711 0.070711 
<LogVarVal> 31.343538
<State> 3
<NumMixes> 3
<Mixture> 0 <Weight> 0.461538
<Mean>
2668.361084 47.444057 -42.109421 4.906818 8.932624 -28.189056 -49.066891 21.668007 -5.869141 
<Inverted_Deviation>
0.010957 0.013734 0.012903 0.007581 0.009303 0.013651 0.033442 0.034845 0.030806 
<LogVarVal> 42.391418
<Mixture> 1 <Weight> 0.307692
<Mean>
2213.958252 527.777283 -361.265625 -255.503998 230.032318 -94.386429 -7.105848 -13.518515 45.812214 
<Inverted_Deviation>
0.004598 0.004991 0.014032 0.051070 0.018947 0.010445 0.042480 0.035607 0.030200 
<LogVarVal> 41.596199
<Mixture> 2 <Weight> 0.230769
<Mean>
1539.972168 973.180115 -130.929581 -223.074356 2.532435 212.144699 23.042288 -62.343662 27.468515 
<Inverted_Deviation>
0.003322 0.015790 0.003500 0.021720 0.005853 0.011451 0.023063 0.027134 0.070711 
<LogVarVal> 44.127354
<State> 4
<NumMixes> 3
<Mixture> 0 <Weight> 0.482143
<Mean>
1148.820923 52.826714 -29.825920 -11.793943 -9.701153 -4.765104 -7.470944 3.745566 -3.769715 
<Inverted_Deviation>
0.006067 0.006057 0.005394 0.006699 0.010065 0.017203 0.018996 0.025094 0.023966 
<LogVarVal> 45.631996
<Mixture> 1 <Weight> 0.357143
<Mean>
899.541687 -44.093983 97.987587 -14.838524 -50.359901 -38.182076 34.351849 -1.036554 -4.752254 
<Inverted_Deviation>
0.010117 0.003203 0.004143 0.006362 0.006279 0.013123 0.018827 0.023117 0.027096 
<LogVarVal> 46.784298
<Mixture> 2 <Weight> 0.160714
<Mean>
1894.759155 477.373199 118.862183 -71.643837 20.230293 71.605087 -76.215866 -11.444524 1.481280 
<Inverted_Deviation>
0.001619 0.003522 0.002982 0.003020 0.005826 0.005468 0.007277 0.008056 0.011116 
<LogVarVal> 53.441784
<State> 5
<NumMixes> 3
<Mixture> 0 <Weight> 0.250000
<Mean>
1180.159058 -249.089661 110.917946 -61.420971 59.367203 4.773138 26.603321 -18.564009 -5.543414 
<Inverted_Deviation>
0.005344 0.005272 0.014575 0.004315 0.007561 0.021542 0.005031 0.010291 0.018412 
<LogVarVal> 47.888302
<Mixture> 1 <Weight> 0.545455
<Mean>
2698.093506 -153.313431 -59.090679 -54.310658 -26.300974 -6.418061 -13.188596 -6.453804 3.056962 
<Inverted_Deviation>
0.003447 0.004641 0.011411 0.007407 0.009253 0.019934 0.010069 0.012692 0.022329 
<LogVarVal> 46.937885
<Mixture> 2 <Weight> 0.204545
<Mean>
1854.296265 -553.054626 7.425903 -195.537979 -9.071736 31.049961 -20.709421 44.690384 -3.829428 
<Inverted_Deviation>
0.003342 0.014721 0.013767 0.003150 0.008359 0.010242 0.004744 0.011132 0.015588 
<LogVarVal> 48.492508
<TransP>
-0.157629 -1.925291 -10000000000.000000 -10000000000.000000 -10000000000.000000 -10000000000.000000 
-10000000000.000000 -0.150823 -1.966113 -10000000000.000000 -10000000000.000000 -10000000000.000000 
-10000000000.000000 -10000000000.000000 -0.088107 -2.472930 -10000000000.000000 -10000000000.000000 
-10000000000.000000 -10000000000.000000 -10000000000.000000 -0.773190 -0.619039 -10000000000.000000 
-10000000000.000000 -10000000000.000000 -10000000000.000000 -10000000000.000000 -0.133531 -2.079442 
-10000000000.000000 -10000000000.000000 -10000000000.000000 -10000000000.000000 -10000000000.000000 0.000000 
<EndEmbeddedHMM>
<BeginEmbeddedHMM>
<NumStates> 3
<State> 0
<NumMixes> 3
<Mixture> 0 <Weight> 0.207547
<Mean>
2163.480957 -32.841049 0.124177 -20.458210 -2.952743 0.063255 -4.209776 -0.172762 0.091380 
<Inverted_Deviation>
0.014212 0.070711 0.070711 0.043765 0.070711 0.070711 0.070711 0.070711 0.070711 
<LogVarVal> 31.077993
<Mixture> 1 <Weight> 0.283019
<Mean>
2322.043945 -28.717310 -0.085190 -8.785125 -1.006621 -0.332499 -3.016780 0.247155 -0.037301 
<Inverted_Deviation>
0.014496 0.070711 0.070711 0.054591 0.070711 0.070711 0.070711 0.070711 0.070711 
<LogVarVal> 30.837183
<Mixture> 2 <Weight> 0.509434
<Mean>
2520.519775 -22.374426 -0.311008 -10.840778 0.380507 0.414118 -1.660698 0.023418 -0.145678 
<Inverted_Deviation>
0.009787 0.070711 0.070711 0.070711 0.070711 0.070711 0.070711 0.070711 0.070711 
<LogVarVal> 30.971209
<State> 1
<NumMixes> 3
<Mixture> 0 <Weight> 0.589041
<Mean>
2653.591309 -0.692429 -4.842511 -13.322460 4.692759 -1.103897 -10.617547 3.099443 0.245512 
<Inverted_Deviation>
0.016393 0.012726 0.017533 0.018287 0.023413 0.033456 0.044558 0.049378 0.062344 
<LogVarVal> 37.717842
<Mixture> 1 <Weight> 0.232877
<Mean>
2468.666260 14.162669 4.372293 -71.354103 -2.186960 4.733491 15.395154 0.586657 -3.432726 
<Inverted_Deviation>
0.010654 0.021632 0.043188 0.016196 0.023349 0.055303 0.030055 0.034836 0.070711 
<LogVarVal> 36.955017
<Mixture> 2 <Weight> 0.178082
<Mean>
2541.884277 27.813951 7.538685 101.657478 -14.565009 -8.362563 17.317701 -12.831700 -0.097810 
<Inverted_Deviation>
0.012339 0.015211 0.023926 0.014883 0.025659 0.058770 0.015625 0.029906 0.066704 
<LogVarVal> 38.545341
<State> 2
<NumMixes> 3
<Mixture> 0 <Weight> 0.479452
<Mean>
2894.180908 -43.682602 -16.890661 -36.752487 -18.872110 -3.509916 -13.991251 -0.243873 1.215104 
<Inverted_Deviation>
0.006692 0.008902 0.020920 0.011265 0.016087 0.043190 0.017128 0.029572 0.068951 
<LogVarVal> 40.766899
<Mixture> 1 <Weight> 0.232877
<Mean>
1380.117554 29.976883 47.843735 -207.078659 -31.626575 4.575574 114.058929 14.660744 -5.984920 
<Inverted_Deviation>
0.002860 0.003866 0.014409 0.003196 0.016598 0.031602 0.007423 0.010658 0.029241 
<LogVarVal> 47.079357
<Mixture> 2 <Weight> 0.287671
<Mean>
2196.869141 -55.850266 -12.508101 -276.303101 57.144588 6.015372 -46.680630 -10.846163 5.255781 
<Inverted_Deviation>
0.003516 0.002497 0.015625 0.003125 0.006330 0.016493 0.005514 0.008525 0.014509 
<LogVarVal> 50.086941
<TransP>
-0.058269 -2.871680 -10000000000.000000 
-10000000000.000000 -0.085767 -2.498700 
-10000000000.000000 -10000000000.000000 -0.000000 
<EndEmbeddedHMM>
